data_x:
1.000000000000000000e+00,-6.671209618738521696e-01,1.192832745942652650e+00,-6.505952320048888904e-01
1.000000000000000000e+00,-1.500252172339582080e+00,-9.163566549188532084e-01,4.737132562245086054e-01
1.000000000000000000e+00,-1.155180312847699092e-01,1.785814515076360909e+00,9.547889860012440666e-01
1.000000000000000000e+00,1.522832184120457510e+00,-1.423524996736718062e+00,-1.615633777442138763e+00
1.000000000000000000e+00,1.112234015931131914e+00,-1.373547839707609075e+00,-4.813180034812220009e-01
1.000000000000000000e+00,-7.421951698409581244e-01,-4.552810773180194226e-01,1.937455147952233725e+00
1.000000000000000000e+00,2.109084749155896610e+00,-1.530965278684247144e+00,-1.347507757259404526e+00
1.000000000000000000e+00,2.870914711849790191e-01,-2.990471217857080741e-02,2.568892454014337634e-01
1.000000000000000000e+00,1.941226520060213456e+00,-9.262944350171877783e-01,-1.529610591250528451e+00
1.000000000000000000e+00,-4.091736832176420813e-01,-8.868185180350675323e-02,-1.210265221549793546e+00
1.000000000000000000e+00,2.135572469710444732e-01,1.162076317277988130e-01,1.138339367669391144e+00
1.000000000000000000e+00,-2.094570402282255606e-01,-1.254666492625002849e-01,1.903009023394600374e-01
1.000000000000000000e+00,-3.355432100191342304e-01,-2.650110951572858670e-02,7.537953497002550796e-01
1.000000000000000000e+00,-1.182341776294260072e+00,-8.011530261497632477e-01,1.676590010682130316e+00
1.000000000000000000e+00,-6.002279175954693402e-01,1.207453335073749745e+00,1.175515005155438386e+00
1.000000000000000000e+00,-2.446841685820214385e-01,1.563950528651609995e+00,1.245545990211212040e+00
1.000000000000000000e+00,1.269023611800895734e+00,-9.260583909846411554e-01,-2.484347330767614215e-01
1.000000000000000000e+00,1.635732243024836219e+00,-1.214295348736023294e+00,-8.869939452631337984e-01
1.000000000000000000e+00,-3.003160816653384080e-01,1.848218248270460773e+00,1.923659749721535750e+00
1.000000000000000000e+00,-3.716365792340890484e-01,8.277422442674836622e-02,-7.591290671717371152e-01
1.000000000000000000e+00,1.662970705659055248e+00,-9.752295174694355362e-01,-8.958742944411332010e-01
1.000000000000000000e+00,9.092449074662261044e-01,-8.113779750250182943e-01,-4.420145461504480511e-01
1.000000000000000000e+00,-4.248622677030757244e-01,1.627986990384196808e+00,1.146455945226426687e+00
1.000000000000000000e+00,-1.825073245477260020e-01,-2.252393073141056024e-01,1.802427819892701844e-01
1.000000000000000000e+00,-4.699067924833392751e-01,1.622951746943392726e+00,4.866152061171382659e-01
1.000000000000000000e+00,-2.181194488398147113e-01,-9.808119044511150186e-02,-2.218611246955057292e-01
1.000000000000000000e+00,-1.288408157293940537e+00,-1.010256493930298483e+00,9.582051841737861952e-01
1.000000000000000000e+00,3.251098200913981051e-01,-1.501414088674236647e-01,2.857896272741707322e-01
1.000000000000000000e+00,1.257377484667536738e+00,-6.121763912457032220e-01,-4.598411240395877120e-01
1.000000000000000000e+00,-1.371374781996050007e+00,3.141452377839954943e-03,-5.645588153424073719e-01
1.000000000000000000e+00,-7.600012319870024236e-01,-9.348213897228628555e-02,2.140160584596667581e-01
1.000000000000000000e+00,1.745744832392018386e+00,-9.328481921420187506e-01,-1.319689022854907634e+00
1.000000000000000000e+00,-7.457563822701670508e-01,1.534847495975284026e+00,1.222027581915849481e+00
1.000000000000000000e+00,-8.785799809812006034e-01,-2.549275551494593062e-01,-1.359823302687074520e+00
1.000000000000000000e+00,-7.747273266267039604e-01,1.407503372057607560e+00,-1.088649878673387139e+00
1.000000000000000000e+00,8.150364013659659734e-02,1.365558238698166393e+00,-3.597097157613713403e-01
1.000000000000000000e+00,-1.108018310406824886e-01,-6.457599094983247634e-02,-1.370591922150206976e+00
1.000000000000000000e+00,-2.589290182988569500e-01,2.611854414132179225e-01,-1.016495576199387407e-02
1.000000000000000000e+00,-1.615077210935424556e+00,-8.280740112256889107e-01,1.923503471489250938e+00
1.000000000000000000e+00,1.560754284042303430e+00,-8.799960840621325886e-01,-5.292146053742139422e-01
1.000000000000000000e+00,1.411375859984677295e+00,-9.504644737414607025e-01,-1.303594959045416113e+00
1.000000000000000000e+00,2.719803806069847063e-01,3.334954096506109189e-01,4.215054586643488532e-01
1.000000000000000000e+00,-3.836677023057406544e-01,1.467298655527999207e+00,5.777656064128073865e-01
1.000000000000000000e+00,-1.030942123560596446e+00,-1.623526084497258493e-01,1.659122326830940464e-01
1.000000000000000000e+00,-4.203385654281346917e-01,-1.353935517556479895e-01,-5.780610725311002840e-01
1.000000000000000000e+00,-6.867557547267877371e-01,1.722929991733018973e+00,1.221547462841126030e+00
1.000000000000000000e+00,-7.808872616393898181e-01,1.159062132880823492e+00,2.379157215150722593e-01
1.000000000000000000e+00,-7.832934862537200837e-01,-1.407050863681856279e-01,-7.809163134695018549e-01
1.000000000000000000e+00,-9.309394285890283394e-01,-1.112157899316886134e+00,6.001163726299241219e-01
1.000000000000000000e+00,1.477498912386474350e+00,-1.027818387503809605e+00,-1.354819891417888167e+00

data_y:
0.000000000000000000e+00
0.000000000000000000e+00
0.000000000000000000e+00
0.000000000000000000e+00
0.000000000000000000e+00
0.000000000000000000e+00
0.000000000000000000e+00
1.000000000000000000e+00
0.000000000000000000e+00
1.000000000000000000e+00
1.000000000000000000e+00
1.000000000000000000e+00
1.000000000000000000e+00
0.000000000000000000e+00
0.000000000000000000e+00
0.000000000000000000e+00
0.000000000000000000e+00
0.000000000000000000e+00
0.000000000000000000e+00
1.000000000000000000e+00
0.000000000000000000e+00
0.000000000000000000e+00
0.000000000000000000e+00
1.000000000000000000e+00
0.000000000000000000e+00
1.000000000000000000e+00
0.000000000000000000e+00
1.000000000000000000e+00
0.000000000000000000e+00
1.000000000000000000e+00
1.000000000000000000e+00
0.000000000000000000e+00
0.000000000000000000e+00
1.000000000000000000e+00
0.000000000000000000e+00
0.000000000000000000e+00
1.000000000000000000e+00
1.000000000000000000e+00
0.000000000000000000e+00
0.000000000000000000e+00
0.000000000000000000e+00
1.000000000000000000e+00
0.000000000000000000e+00
1.000000000000000000e+00
1.000000000000000000e+00
0.000000000000000000e+00
0.000000000000000000e+00
1.000000000000000000e+00
0.000000000000000000e+00
0.000000000000000000e+00
